HEPATITES VIRAIS - Casos confirmados Notificados no Sistema de Informação de Agravos de Notificação - Brasil
Casos confirmados por Class. Etiológica e Ano Diag/sintomas
Período:2001-2006
"Class. Etiológica";"2001";"2002";"2003";"2004";"2005";"2006";"Total"
"Ign/Branco";8283;4802;4363;4193;4958;3665;30264
"Vírus B";8344;8841;11673;12835;14107;11330;67130
"Vírus C";6713;8081;10241;13285;13702;10319;62341
"Vírus B + C";208;476;794;861;795;619;3753
"Vírus B + D";75;125;165;111;146;157;779
"Outras Hepatites Virais";1602;1777;1150;1022;880;606;7037
"Vírus A";21011;14468;14715;20585;25302;19095;115176
"Vírus A/B ou A/C";46;116;200;245;221;205;1033
"Vírus E";3;4;14;4;11;11;47
"Total";46285;38690;43315;53141;60122;46007;287560
 Fonte: Ministério da Saúde/SVS - Sistema de Informação de Agravos de Notificação - Sinan 
 Notas:
 
 Excluídos casos não residentes no Brasil
 Períodos Disponíveis ou período - Correspondem aos anos de notificação dos casos.
 Para tabular dados em série histórica selecione na linha a variável de interesse, na Coluna Ano dos 1ºs sintomas;
    em Períodos Disponíveis assinale o ano inicial da série e todos os posteriores até o ano atual (p/ incluir casos notificados
    com atraso) e em Seleções Disponíveis assinale os anos dos 1ºs sintomas (ex: série histórica de nº de casos, 2001 a 2005:
    selecione na linha UF de residência, na Coluna Ano de 1ºs sintomas, em Períodos disponíveis-2001 até o ano atual e
    em Seleções assinale Ano de 1ºs sintomas de 2001 a 2005).
 Para cálculo da incidência utilize locais de residência.
 
