"Imunobiológicos";"1994";"1995";"1996";"1997";"1998";"1999";"2000";"2001";"2002";"2003";"2004";"2005";"2006";"2007";"2008";"2009";"2010";"2011";"2012";"2013";"2014";"2015";"2016";"2017";"2018";"2019";"2020";" Total"
"BCG (BCG)";"2176263";"4503836";"4577037";"5552032";"5200963";"5477080";"5197502";"5327006";"5149288";"5094667";"4802943";"5010383";"4060680";"3424947";"3282048";"3222234";"3118613";"3152376";"3080362";"3053982";"3106573";"3057969";"2869173";"2953365";"2881295";"2554322";"2143537";"104030476"
"BCG - Hanseníase (BCG)";"32167";"56908";"56707";"83949";"90484";"101455";"101849";"26893";"1124";"0";"0";"0";"0";"0";"0";"0";"0";"0";"0";"97329";"89504";"54516";"35425";"29353";"23783";"18246";"24983";"924675"
"Febre Amarela (FA)";"1540553";"2327064";"2013918";"2539660";"11885236";"16125871";"22367455";"13693626";"4435823";"5227862";"4308851";"4712897";"4257567";"5362134";"17167454";"10417238";"6712319";"6691068";"5664667";"5550605";"4839167";"5605855";"6255944";"24602876";"14478001";"8052571";"9915033";"226751315"
"Hepatite A (HA)";"0";"0";"0";"0";"0";"0";"38";"41062";"58788";"68883";"85271";"100081";"99674";"124675";"157642";"180828";"157154";"199190";"234009";"265185";"1908581";"2946868";"2222008";"2812314";"2645982";"2704209";"2360201";"19372643"
"Hepatite B (HB)";"2297035";"2521993";"2989325";"2002570";"8747762";"23190333";"16638758";"35206019";"30906741";"24266713";"17948973";"17102273";"15137953";"14951270";"14809334";"14431868";"14671210";"16694735";"15762053";"15802725";"15054976";"11981494";"7094381";"8862265";"8224064";"8133178";"5719094";"371149095"
"Influenza (INF)";"0";"0";"0";"0";"0";"0";"12992";"831331";"1287287";"1609224";"1677943";"2103117";"2389672";"2519141";"2252541";"2698466";"863114";"2796227";"5630294";"2935791";"2962872";"2597259";"2916315";"953391";"928006";"377712";"1836551";"42179246"
"Varicela";"0";"0";"0";"0";"0";"0";"740";"97312";"67399";"129834";"78108";"153040";"183789";"252088";"254568";"237768";"250089";"271187";"463883";"351966";"392190";"408503";"1665784";"1405236";"3345491";"3719203";"3769542";"17497720"
"Dupla Adulto (dT)";"635915";"1961648";"4442685";"7071457";"10627148";"22866284";"19081051";"18598914";"19616336";"19412201";"15805539";"16968552";"15515142";"24771496";"17038013";"14072237";"14779488";"14617151";"14402821";"17854235";"16946008";"13793418";"7114762";"10301792";"10185213";"11055901";"8615811";"368151218"
"Dupla Infantil (DT)";"45214";"1086";"2265";"28372";"4934";"24242";"25369";"5643";"3546";"1638";"909";"376";"339";"453";"703";"899";"1135";"1017";"998";"3208";"2997";"1868";"880";"717";"696";"496";"1417";"161417"
"Poliomielite inativada (VIP)";"0";"0";"0";"0";"0";"0";"4";"26596";"60709";"64986";"59137";"78545";"74942";"74629";"86973";"101459";"109132";"107925";"182636";"223377";"864375";"2221360";"7244948";"8001819";"7960116";"7607323";"7068816";"42219807"
"Meningocócica Conjugada - C (MncC)";"0";"0";"0";"0";"0";"0";"0";"0";"1";"48988";"68434";"111032";"148865";"198363";"297797";"739183";"4115885";"9125767";"8280516";"8747156";"8608911";"8516330";"8485753";"10940632";"9789494";"10141405";"7814560";"96179072"
"Oral Poliomielite (VOP)";"6142675";"9704043";"10600168";"14850527";"16049167";"18257728";"17836736";"17098131";"16353374";"15595462";"15371651";"15403062";"14183868";"13772392";"13138735";"13110373";"12414299";"12785901";"10550241";"2480024";"1606161";"3306833";"4600145";"4580208";"4438537";"4465027";"4352471";"293047939"
"Oral de Rotavírus Humano (VORH)";"0";"0";"0";"0";"0";"0";"0";"0";"0";"0";"0";"0";"3512890";"5023431";"5145772";"5303282";"5132288";"5378910";"5336651";"5611129";"5644502";"5689851";"5331791";"5240411";"5273615";"5009710";"4502880";"77137113"
"Pentavalente (DTP+HB+Hib) (PENTA)";"0";"0";"0";"0";"0";"0";"0";"0";"0";"2062";"8302";"19218";"12143";"13082";"24110";"17297";"28481";"57307";"2536031";"8573292";"8531478";"8745831";"9449877";"8357009";"8418883";"7112423";"7791893";"69698719"
"Pneumocócica 10valente";"0";"0";"0";"0";"0";"0";"0";"0";"0";"0";"0";"0";"0";"0";"0";"121";"6755292";"10518113";"10622168";"11051036";"10979187";"11074787";"8356862";"8084080";"7947074";"7776935";"6883060";"100048715"
"Tetravalente (DTP/Hib) (TETRA)";"0";"0";"0";"0";"0";"0";"0";"0";"5974027";"9703610";"9520686";"9558454";"9219389";"8971886";"8698474";"8816477";"8562895";"8701112";"5856417";"67830";"0";"0";"0";"40";"32";"130";"46";"93651505"
"Tríplice Bacteriana (DTP)";"6643488";"11132015";"10158080";"11960758";"15415503";"16549258";"15349497";"15326915";"8961010";"4226551";"5595602";"5938102";"5703344";"5898853";"5500375";"5785823";"5465267";"5707567";"5892671";"5778966";"5098220";"5011299";"3901555";"4577542";"4245023";"3067283";"4968944";"203859511"
"Tríplice Viral (SCR)";"0";"25512";"29977";"1443488";"4005507";"5511368";"4822347";"4670083";"4697276";"4953481";"13116848";"6495775";"6854444";"11226210";"7828823";"7196702";"7446772";"9342112";"6890249";"10578179";"16468600";"7988924";"7811974";"6766917";"12333120";"17404577";"12909269";"198818534"
"Tetraviral (sarampo, rubéola, caxumbae varicela)";"0";"0";"0";"0";"0";"0";"0";"0";"0";"0";"0";"0";"0";"0";"0";"0";"0";"0";"0";"545395";"2352606";"2016396";"929695";"1173499";"1097523";"1097493";"619126";"9831733"
"HPV Quadrivalente - Feminino";"0";"0";"0";"0";"0";"0";"0";"0";"0";"0";"0";"0";"0";"0";"0";"73";"0";"0";"5370011";"82743";"7948224";"5857290";"2372551";"3252310";"2459311";"2380529";"2581912";"32304954"
"HPV Quadrivalente - Masculino";"0";"0";"0";"0";"0";"0";"0";"0";"0";"0";"0";"0";"0";"0";"0";"0";"0";"0";"0";"4367";"40453";"32126";"27058";"3300008";"2641795";"2156924";"1777428";"9980159"
"HPV";"0";"0";"0";"0";"0";"0";"0";"0";"0";"0";"0";"0";"0";"0";"0";"0";"0";"0";"27619";"300254";"522348";"28978";"1094";"416";"42";"0";"0";"880751"
"Total";"19513310";"32234105";"34870162";"45532813";"72026704";"108103619";"101434338";"110949531";"97572729";"90406162";"88449197";"83754907";"81354701";"96585050";"95683362";"86332328";"90583433";"106147665";"106784297";"99958774";"113967933";"100937755";"88687975";"116196200";"109317096";"104835597";"95656574";"2377876317"
